0 2.47736
1 2.17687
2 2.02646
3 1.92456
4 1.85443
5 1.79181
6 1.74532
7 1.69884
8 1.66464
9 1.6278
10 1.60144
11 1.5709
12 1.5497
13 1.52333
14 1.50557
15 1.482
16 1.46654
17 1.44484
18 1.43094
19 1.4105
20 1.39764
21 1.37805
22 1.36589
23 1.34686
24 1.33516
25 1.31651
26 1.30513
27 1.28673
28 1.27555
29 1.25731
30 1.24627
31 1.22814
32 1.21719
33 1.19914
34 1.18824
35 1.17023
36 1.15938
37 1.1414
38 1.13057
39 1.11261
40 1.1018
41 1.08386
42 1.07306
43 1.05512
44 1.04433
45 1.0264
46 1.01561
47 0.997684
48 0.986897
49 0.968975
50 0.95819
51 0.94027
52 0.929486
53 0.911566
54 0.900784
55 0.882865
56 0.872083
57 0.854164
58 0.843383
59 0.825465
60 0.814683
61 0.796765
62 0.785984
63 0.768066
64 0.757285
65 0.739367
66 0.728586
67 0.710669
68 0.699888
69 0.68197
70 0.671189
71 0.653271
72 0.642491
73 0.624573
74 0.613792
75 0.595874
76 0.585094
77 0.567176
78 0.556395
79 0.538477
80 0.527697
81 0.509779
82 0.498998
83 0.48108
84 0.4703
85 0.452382
86 0.441601
87 0.423683
88 0.412903
89 0.394985
90 0.384204
91 0.366286
92 0.355506
93 0.337588
94 0.326807
95 0.30889
96 0.298109
97 0.280191
98 0.26941
99 0.251493
100 0.240712
101 0.222794
102 0.212013
103 0.194096
104 0.183315
105 0.165397
106 0.154616
107 0.136699
108 0.125918
109 0.108
110 0.0972193
111 0.0793017
112 0.0685208
113 0.0506032
114 0.0398224
115 0.0219047
116 0.0111239
117 -0.00679379
118 -0.0175746
119 -0.0354923
120 -0.0462731
121 -0.0641908
122 -0.0749716
123 -0.0928892
124 -0.10367
125 -0.121588
126 -0.132369
127 -0.150286
128 -0.161067
129 -0.178985
130 -0.189765
131 -0.207683
132 -0.218464
133 -0.236382
134 -0.247162
135 -0.26508
136 -0.275861
137 -0.293779
138 -0.304559
139 -0.322477
140 -0.333258
141 -0.351176
142 -0.361956
143 -0.379874
144 -0.390655
145 -0.408573
146 -0.419353
147 -0.437271
148 -0.448052
149 -0.465969
150 -0.47675
151 -0.494668
152 -0.505449
153 -0.523366
154 -0.534147
155 -0.552065
156 -0.562846
157 -0.580763
158 -0.591544
159 -0.609462
160 -0.620243
161 -0.63816
162 -0.648941
163 -0.666859
164 -0.67764
165 -0.695557
166 -0.706338
167 -0.724256
168 -0.735037
169 -0.752954
170 -0.763735
171 -0.781653
172 -0.792434
173 -0.810351
174 -0.821132
175 -0.83905
176 -0.849831
177 -0.867748
178 -0.878529
179 -0.896447
180 -0.907228
181 -0.925145
182 -0.935926
183 -0.953844
184 -0.964624
185 -0.982542
186 -0.993323
187 -1.01124
188 -1.02202
189 -1.03994
190 -1.05072
191 -1.06864
192 -1.07942
193 -1.09734
194 -1.10812
195 -1.12603
196 -1.13682
197 -1.15473
198 -1.16551
199 -1.18343
200 -1.19421
201 -1.21213
202 -1.22291
203 -1.24083
204 -1.25161
205 -1.26953
206 -1.28031
207 -1.29823
208 -1.30901
209 -1.32692
210 -1.3377
211 -1.35562
212 -1.3664
213 -1.38432
214 -1.3951
215 -1.41302
216 -1.4238
217 -1.44172
218 -1.4525
219 -1.47042
220 -1.4812
221 -1.49911
222 -1.5099
223 -1.52781
224 -1.53859
225 -1.55651
226 -1.56729
227 -1.58521
228 -1.59599
229 -1.61391
230 -1.62469
231 -1.64261
232 -1.65339
233 -1.67131
234 -1.68209
235 -1.7
236 -1.71079
237 -1.7287
238 -1.73948
239 -1.7574
240 -1.76818
241 -1.7861
242 -1.79688
243 -1.8148
244 -1.82558
245 -1.8435
246 -1.85428
247 -1.8722
248 -1.88298
249 -1.90089
250 -1.91167
251 -1.92959
252 -1.94037
253 -1.95829
254 -1.96907
255 -1.98699
256 -1.99777
257 -2.01569
258 -2.02647
259 -2.04439
260 -2.05517
261 -2.07308
262 -2.08387
263 -2.10178
264 -2.11256
265 -2.13048
266 -2.14126
267 -2.15918
268 -2.16996
269 -2.18788
270 -2.19866
271 -2.21658
272 -2.22736
273 -2.24528
274 -2.25606
275 -2.27397
276 -2.28475
277 -2.30267
278 -2.31345
279 -2.33137
280 -2.34215
281 -2.36007
282 -2.37085
283 -2.38877
284 -2.39955
285 -2.41747
286 -2.42825
287 -2.44616
288 -2.45695
289 -2.47486
290 -2.48564
291 -2.50356
292 -2.51434
293 -2.53226
294 -2.54304
295 -2.56096
296 -2.57174
297 -2.58966
298 -2.60044
299 -2.61836
300 -2.62914
301 -2.64705
302 -2.65783
303 -2.67575
304 -2.68653
305 -2.70445
306 -2.71523
307 -2.73315
308 -2.74393
309 -2.76185
310 -2.77263
311 -2.79055
312 -2.80133
313 -2.81924
314 -2.83003
315 -2.84794
316 -2.85872
317 -2.87664
318 -2.88742
319 -2.90534
320 -2.91612
321 -2.93404
322 -2.94482
323 -2.96274
324 -2.97352
325 -2.99144
326 -3.00222
327 -3.02013
328 -3.03092
329 -3.04883
330 -3.05961
331 -3.07753
332 -3.08831
333 -3.10623
334 -3.11701
335 -3.13493
336 -3.14571
337 -3.16363
338 -3.17441
339 -3.19233
340 -3.20311
341 -3.22102
342 -3.2318
343 -3.24972
344 -3.2605
345 -3.27842
346 -3.2892
347 -3.30712
348 -3.3179
349 -3.33582
350 -3.3466
351 -3.36452
352 -3.3753
353 -3.39321
354 -3.404
355 -3.42191
356 -3.43269
357 -3.45061
358 -3.46139
359 -3.47931
360 -3.49009
361 -3.50801
362 -3.51879
363 -3.53671
364 -3.54749
365 -3.56541
366 -3.57619
367 -3.5941
368 -3.60488
369 -3.6228
370 -3.63358
371 -3.6515
372 -3.66228
373 -3.6802
374 -3.69098
375 -3.7089
376 -3.71968
377 -3.7376
378 -3.74838
379 -3.76629
380 -3.77708
381 -3.79499
382 -3.80577
383 -3.82369
384 -3.83447
385 -3.85239
386 -3.86317
387 -3.88109
388 -3.89187
389 -3.90979
390 -3.92057
391 -3.93849
392 -3.94927
393 -3.96718
394 -3.97797
395 -3.99588
396 -4.00666
397 -4.02458
398 -4.03536
399 -4.05328
400 -4.06406
401 -4.08198
402 -4.09276
403 -4.11068
404 -4.12146
405 -4.13938
406 -4.15016
407 -4.16807
408 -4.17885
409 -4.19677
410 -4.20755
411 -4.22547
412 -4.23625
413 -4.25417
414 -4.26495
415 -4.28287
416 -4.29365
417 -4.31157
418 -4.32235
419 -4.34026
420 -4.35105
421 -4.36896
422 -4.37974
423 -4.39766
424 -4.40844
425 -4.42636
426 -4.43714
427 -4.45506
428 -4.46584
429 -4.48376
430 -4.49454
431 -4.51246
432 -4.52324
433 -4.54115
434 -4.55193
435 -4.56985
436 -4.58063
437 -4.59855
438 -4.60933
439 -4.62725
440 -4.63803
441 -4.65595
442 -4.66673
443 -4.68465
444 -4.69543
445 -4.71334
446 -4.72413
447 -4.74204
448 -4.75282
449 -4.77074
450 -4.78152
451 -4.79944
452 -4.81022
453 -4.82814
454 -4.83892
455 -4.85684
456 -4.86762
457 -4.88554
458 -4.89632
459 -4.91423
460 -4.92501
461 -4.94293
462 -4.95371
463 -4.97163
464 -4.98241
465 -5.00033
466 -5.01111
467 -5.02903
468 -5.03981
469 -5.05773
470 -5.06851
471 -5.08642
472 -5.09721
473 -5.11512
474 -5.1259
475 -5.14382
476 -5.1546
477 -5.17252
478 -5.1833
479 -5.20122
480 -5.212
481 -5.22992
482 -5.2407
483 -5.25862
484 -5.2694
485 -5.28731
486 -5.2981
487 -5.31601
488 -5.32679
489 -5.34471
490 -5.35549
491 -5.37341
492 -5.38419
493 -5.40211
494 -5.41289
495 -5.43081
496 -5.44159
497 -5.45951
498 -5.47029
499 -5.4882
500 -5.49898
501 -5.5169
502 -5.52768
503 -5.5456
504 -5.55638
505 -5.5743
506 -5.58508
507 -5.603
508 -5.61378
509 -5.6317
510 -5.64248
511 -5.66039
512 -5.67118
513 -5.68909
514 -5.69987
515 -5.71779
516 -5.72857
517 -5.74649
518 -5.75727
519 -5.77519
520 -5.78597
521 -5.80389
522 -5.81467
523 -5.83259
524 -5.84337
525 -5.86128
526 -5.87206
527 -5.88998
528 -5.90076
529 -5.91868
530 -5.92946
531 -5.94738
532 -5.95816
533 -5.97608
534 -5.98686
535 -6.00478
