0 500.648
1 559.806
2 685.765
3 745.822
4 823.446
5 871.548
6 930.838
7 971.134
8 1020.04
9 1054.95
10 1096.96
11 1127.93
12 1164.99
13 1192.97
14 1226.3
15 1251.93
16 1282.3
17 1306.03
18 1333.98
19 1356.1
20 1382.01
21 1402.74
22 1426.87
23 1446.36
24 1468.92
25 1487.29
26 1508.43
27 1525.76
28 1545.6
29 1561.96
30 1580.6
31 1596.06
32 1613.58
33 1628.19
34 1644.66
35 1658.46
36 1673.95
37 1686.98
38 1701.55
39 1713.84
40 1727.54
41 1739.14
42 1752.02
43 1762.96
44 1775.07
45 1785.37
46 1796.76
47 1806.46
48 1817.16
49 1826.3
50 1836.35
51 1844.95
52 1854.39
53 1862.48
54 1871.34
55 1878.96
56 1887.27
57 1894.43
58 1902.24
59 1908.97
60 1916.29
61 1922.61
62 1929.49
63 1935.42
64 1941.87
65 1947.45
66 1953.49
67 1958.73
68 1964.4
69 1969.31
70 1974.63
71 1979.24
72 1984.22
73 1988.55
74 1993.22
75 1997.28
76 2001.66
77 2005.47
78 2009.57
79 2013.14
80 2016.99
81 2020.34
82 2023.94
83 2027.08
84 2030.46
85 2033.4
86 2036.57
87 2039.33
88 2042.29
89 2044.88
90 2047.65
91 2050.08
92 2052.68
93 2054.95
94 2057.39
95 2059.51
96 2061.8
97 2063.79
98 2065.93
99 2067.79
100 2069.8
101 2071.55
102 2073.42
103 2075.06
104 2076.82
105 2078.35
106 2080
107 2081.44
108 2082.98
109 2084.32
110 2085.77
111 2087.03
112 2088.38
113 2089.56
114 2090.82
115 2091.93
116 2093.11
117 2094.15
118 2095.26
119 2096.23
120 2097.27
121 2098.18
122 2099.15
123 2100
124 2100.91
125 2101.71
126 2102.56
127 2103.31
128 2104.1
129 2104.8
130 2105.55
131 2106.2
132 2106.9
133 2107.51
134 2108.17
135 2108.74
136 2109.36
137 2109.89
138 2110.47
139 2110.97
140 2111.51
141 2111.98
142 2112.48
143 2112.92
144 2113.39
145 2113.8
146 2114.25
147 2114.63
148 2115.04
149 2115.41
150 2115.79
151 2116.13
152 2116.49
153 2116.81
154 2117.15
155 2117.44
156 2117.76
157 2118.04
158 2118.34
159 2118.6
160 2118.87
161 2119.12
162 2119.38
163 2119.6
164 2119.85
165 2120.06
166 2120.29
167 2120.49
168 2120.7
169 2120.89
170 2121.09
171 2121.26
172 2121.45
173 2121.61
174 2121.79
175 2121.94
176 2122.11
177 2122.25
178 2122.4
179 2122.54
180 2122.68
181 2122.81
182 2122.94
183 2123.06
184 2123.19
185 2123.3
186 2123.41
187 2123.52
188 2123.63
189 2123.72
190 2123.83
191 2123.92
192 2124.01
193 2124.1
194 2124.19
195 2124.27
196 2124.35
197 2124.43
198 2124.51
199 2124.57
200 2124.65
201 2124.71
202 2124.78
203 2124.84
204 2124.91
205 2124.97
206 2125.03
207 2125.08
208 2125.14
209 2125.19
210 2125.24
211 2125.29
212 2125.34
213 2125.38
214 2125.43
215 2125.47
216 2125.51
217 2125.55
218 2125.59
219 2125.63
220 2125.67
221 2125.7
222 2125.73
223 2125.77
224 2125.8
225 2125.83
226 2125.86
227 2125.89
228 2125.92
229 2125.94
230 2125.97
231 2125.99
232 2126.02
233 2126.04
234 2126.07
235 2126.09
236 2126.11
237 2126.13
238 2126.15
239 2126.17
240 2126.19
241 2126.21
242 2126.23
243 2126.24
244 2126.26
245 2126.27
246 2126.29
247 2126.31
248 2126.32
249 2126.33
250 2126.35
251 2126.36
252 2126.37
253 2126.39
254 2126.4
255 2126.41
256 2126.42
257 2126.43
258 2126.44
259 2126.45
260 2126.46
261 2126.47
262 2126.48
263 2126.49
264 2126.5
265 2126.51
266 2126.51
267 2126.52
268 2126.53
269 2126.54
270 2126.54
271 2126.55
272 2126.56
273 2126.56
274 2126.57
275 2126.57
276 2126.58
277 2126.59
278 2126.59
279 2126.6
280 2126.6
281 2126.61
282 2126.61
283 2126.62
284 2126.62
285 2126.62
286 2126.63
287 2126.63
288 2126.64
289 2126.64
290 2126.64
291 2126.65
292 2126.65
293 2126.65
294 2126.66
295 2126.66
296 2126.66
297 2126.67
298 2126.67
299 2126.67
300 2126.67
301 2126.68
302 2126.68
303 2126.68
304 2126.68
305 2126.69
306 2126.69
307 2126.69
308 2126.69
309 2126.69
310 2126.7
311 2126.7
312 2126.7
313 2126.7
314 2126.7
315 2126.7
316 2126.71
317 2126.71
318 2126.71
319 2126.71
320 2126.71
321 2126.71
322 2126.71
323 2126.71
324 2126.72
325 2126.72
326 2126.72
327 2126.72
328 2126.72
329 2126.72
330 2126.72
331 2126.72
332 2126.72
333 2126.72
334 2126.73
335 2126.73
336 2126.73
337 2126.73
338 2126.73
339 2126.73
340 2126.73
341 2126.73
342 2126.73
343 2126.73
344 2126.73
345 2126.73
346 2126.73
347 2126.73
348 2126.74
349 2126.74
350 2126.74
351 2126.74
352 2126.74
353 2126.74
354 2126.74
355 2126.74
356 2126.74
357 2126.74
358 2126.74
359 2126.74
360 2126.74
361 2126.74
362 2126.74
363 2126.74
364 2126.74
365 2126.74
366 2126.74
367 2126.74
368 2126.74
369 2126.74
370 2126.74
371 2126.74
372 2126.74
373 2126.74
374 2126.74
375 2126.74
376 2126.74
377 2126.74
378 2126.75
379 2126.75
380 2126.75
381 2126.75
382 2126.75
383 2126.75
384 2126.75
385 2126.75
386 2126.75
387 2126.75
388 2126.75
389 2126.75
390 2126.75
391 2126.75
392 2126.75
393 2126.75
394 2126.75
395 2126.75
396 2126.75
397 2126.75
398 2126.75
399 2126.75
400 2126.75
401 2126.75
402 2126.75
403 2126.75
404 2126.75
405 2126.75
406 2126.75
407 2126.75
408 2126.75
409 2126.75
410 2126.75
411 2126.75
412 2126.75
413 2126.75
414 2126.75
415 2126.75
416 2126.75
417 2126.75
418 2126.75
419 2126.75
420 2126.75
421 2126.75
422 2126.75
423 2126.75
424 2126.75
425 2126.75
426 2126.75
427 2126.75
428 2126.75
429 2126.75
430 2126.75
431 2126.75
432 2126.75
433 2126.75
434 2126.75
435 2126.75
436 2126.75
437 2126.75
438 2126.75
439 2126.75
440 2126.75
441 2126.75
442 2126.75
443 2126.75
444 2126.75
445 2126.75
446 2126.75
447 2126.75
448 2126.75
449 2126.75
450 2126.75
451 2126.75
452 2126.75
453 2126.75
454 2126.75
455 2126.75
456 2126.75
457 2126.75
458 2126.75
459 2126.75
460 2126.75
461 2126.75
462 2126.75
463 2126.75
464 2126.75
465 2126.75
466 2126.75
467 2126.75
468 2126.75
469 2126.75
470 2126.75
471 2126.75
472 2126.75
473 2126.75
474 2126.75
475 2126.75
476 2126.75
477 2126.75
478 2126.75
479 2126.75
480 2126.75
481 2126.75
482 2126.75
483 2126.75
484 2126.75
485 2126.75
486 2126.75
487 2126.75
488 2126.75
489 2126.75
490 2126.75
491 2126.75
492 2126.75
493 2126.75
494 2126.75
495 2126.75
496 2126.75
497 2126.75
498 2126.75
499 2126.75
500 2126.75
501 2126.75
502 2126.75
503 2126.75
504 2126.75
505 2126.75
506 2126.75
507 2126.75
508 2126.75
509 2126.75
510 2126.75
511 2126.75
512 2126.75
513 2126.75
514 2126.75
515 2126.75
516 2126.75
517 2126.75
518 2126.75
519 2126.75
520 2126.75
521 2126.75
522 2126.75
523 2126.75
524 2126.75
525 2126.75
526 2126.75
527 2126.75
528 2126.75
529 2126.75
530 2126.75
531 2126.75
532 2126.75
533 2126.75
534 2126.75
535 2126.75
